%YAML:1.0
# Face tracker type: 0(Unknown) 1(ASM) 2(MT)
TrackerType: 1
ImageSize: [ 4096, 2048 ]
# Face feature points in image space. Invalid points have zero coordinates
Point2f: !!opencv-matrix
   rows: 1
   cols: 77
   dt: "2f"
   data: [ 1616., 952., 1608., 1112., 1616., 1260., 1644., 1408., 1736.,
       1584., 1904., 1696., 2044., 1724., 2200., 1696., 2408., 1588.,
       2540., 1388., 2564., 1260., 2580., 1116., 2580., 948., 2272.,
       532., 2060., 492., 1852., 532., 1888., 788., 1800., 772., 1712.,
       816., 1800., 816., 1880., 832., 1968., 848., 2196., 844., 2288.,
       788., 2380., 776., 2464., 820., 2380., 816., 2296., 832., 2292.,
       892., 1868., 892., 1948., 960., 1908., 932., 1868., 916., 1828.,
       928., 1788., 952., 1828., 976., 1864., 988., 1908., 980., 1868.,
       952., 2284., 952., 2212., 964., 2252., 932., 2296., 920., 2336.,
       928., 2372., 956., 2336., 980., 2292., 988., 2252., 980., 2140.,
       1096., 2072., 1092., 2000., 1088., 1992., 1212., 2060., 1168.,
       2132., 1216., 2208., 1188., 2164., 1244., 2056., 1260., 1964.,
       1240., 1928., 1184., 1888., 1388., 1952., 1352., 2016., 1340.,
       2052., 1344., 2092., 1344., 2160., 1356., 2232., 1400., 2128.,
       1388., 2052., 1384., 1976., 1384., 1976., 1396., 2048., 1408.,
       2128., 1400., 2176., 1436., 2116., 1448., 2048., 1452., 1984.,
       1444., 1932., 1428. ]
# Face feature points in 3d object space. Invalid points have zero coordinates
Point3f: !!opencv-matrix
   rows: 1
   cols: 77
   dt: "3f"
   data: [ -2.70837193e+01, 1.31702719e+01, 3.11598083e+02,
       -3.20368195e+01, 3.68077164e+01, 3.08766113e+02, -3.12402267e+01,
       5.84986839e+01, 3.09370056e+02, -2.80418072e+01, 8.03257980e+01,
       3.08087921e+02, -1.32396307e+01, 1.06234558e+02, 3.08372375e+02,
       8.35837936e+00, 1.23523209e+02, 2.97263580e+02, 2.89510670e+01,
       1.26583679e+02, 3.15592651e+02, 5.16405945e+01, 1.23573639e+02,
       3.00670776e+02, 7.85831146e+01, 1.07096794e+02, 3.12984833e+02,
       9.78667297e+01, 7.75115585e+01, 3.18390778e+02, 1.01115601e+02,
       5.86868553e+01, 3.19260620e+02, 1.02957268e+02, 3.75338593e+01,
       3.19677643e+02, 1.00419968e+02, 1.28016949e+01, 3.20545502e+02,
       5.93973579e+01, -4.73053169e+01, 3.01673920e+02, 3.20916443e+01,
       -5.32734184e+01, 3.00531525e+02, 6.24370193e+00, -4.77280579e+01,
       3.03104706e+02, 6.43440247e+00, -9.14546108e+00, 2.87490387e+02,
       -5.59453011e+00, -1.19401731e+01, 2.93267395e+02, -1.72755642e+01,
       -5.96361542e+00, 2.99639771e+02, -6.35882473e+00, -5.39113140e+00,
       2.91787933e+02, 5.25681353e+00, -2.75132060e+00, 2.88381470e+02,
       1.83702602e+01, -1.55924603e-01, 2.85811279e+02, 5.32868423e+01,
       -5.85045636e-01, 2.86733643e+02, 6.73035660e+01, -8.89997482e+00,
       2.89565369e+02, 7.94967041e+01, -1.10676613e+01, 2.97067902e+02,
       8.91803207e+01, -5.12474966e+00, 3.06033112e+02, 8.00115204e+01,
       -5.15599966e+00, 2.96493896e+02, 6.80523376e+01, -2.55050325e+00,
       2.91338196e+02, 6.79944839e+01, 6.32449198e+00, 2.90280029e+02,
       3.00931334e+00, 6.07902241e+00, 2.87806122e+02, 1.60786572e+01,
       1.57893791e+01, 2.93294220e+02, 9.94247437e+00, 1.17586823e+01,
       2.91464203e+02, 3.02611542e+00, 9.57828903e+00, 2.88176208e+02,
       -2.78944135e+00, 1.11614904e+01, 2.90387268e+02, -7.58454800e+00,
       1.43445730e+01, 2.95211853e+02, -1.65316594e+00, 1.79585419e+01,
       2.94369781e+02, 3.39459062e+00, 1.98537540e+01, 2.92777344e+02,
       1.01401682e+01, 1.87001343e+01, 2.93108612e+02, 4.55683470e+00,
       1.44743528e+01, 2.94368103e+02, 6.48913574e+01, 1.48026485e+01,
       2.95102600e+02, 5.37180443e+01, 1.64843979e+01, 2.95261108e+02,
       6.05907707e+01, 1.19912348e+01, 2.92750549e+02, 6.84698944e+01,
       1.03927469e+01, 2.90977295e+02, 7.45109787e+01, 1.14754372e+01,
       2.92988251e+02, 7.78242416e+01, 1.52249165e+01, 2.98921234e+02,
       7.24985580e+01, 1.88085938e+01, 2.97460266e+02, 6.61815796e+01,
       2.00778008e+01, 2.95371704e+02, 5.98953514e+01, 1.88812332e+01,
       2.95109192e+02, 4.53330154e+01, 3.66302223e+01, 2.82471741e+02,
       3.48100243e+01, 3.66209602e+01, 2.72459198e+02, 2.27282734e+01,
       3.53060722e+01, 2.82614197e+02, 2.10340805e+01, 5.36904602e+01,
       2.79609802e+02, 3.27449265e+01, 4.79426727e+01, 2.69680145e+02,
       4.49110184e+01, 5.46113777e+01, 2.76728271e+02, 5.45500145e+01,
       4.96270561e+01, 2.91266693e+02, 4.87577400e+01, 5.81508293e+01,
       2.85981415e+02, 3.16138515e+01, 6.06451836e+01, 2.82053223e+02,
       1.71950741e+01, 5.72564278e+01, 2.87705963e+02, 1.18111315e+01,
       4.89445038e+01, 2.88611877e+02, 4.87933922e+00, 7.88329315e+01,
       2.88821289e+02, 1.42999897e+01, 7.40518188e+01, 2.81901093e+02,
       2.48381481e+01, 7.25987244e+01, 2.78122681e+02, 3.09964638e+01,
       7.32566528e+01, 2.77617828e+02, 3.78467255e+01, 7.32715683e+01,
       2.78049133e+02, 4.91682053e+01, 7.49201660e+01, 2.80902222e+02,
       5.96261406e+01, 8.09451370e+01, 2.88665375e+02, 4.35898209e+01,
       7.95323563e+01, 2.81685822e+02, 3.09053001e+01, 7.89419556e+01,
       2.80507751e+02, 1.83842354e+01, 7.86889343e+01, 2.83232697e+02,
       1.84301395e+01, 8.04051437e+01, 2.83941498e+02, 3.02209682e+01,
       8.24822388e+01, 2.80171600e+02, 4.34906616e+01, 8.12453232e+01,
       2.82431091e+02, 5.09598274e+01, 8.63539886e+01, 2.85889557e+02,
       4.18301125e+01, 8.84632721e+01, 2.79592621e+02, 3.02044964e+01,
       8.90111313e+01, 2.79078217e+02, 1.95242405e+01, 8.75634384e+01,
       2.82298126e+02, 1.16560163e+01, 8.48320160e+01, 2.87493256e+02 ]
